重投影误差
27.615
相机内参数矩阵
[28925.45403216648, 0, 2931.137054475793;
 0, 28181.41037964109, 1505.024993100983;
 0, 0, 1]
畸变系数
[-3.403772302831362, 189.9847662636489, -0.06530647592793697, 0.0272575052310081, 0]
第1幅图像的旋转向量
[0.01064919325029985;
 2.934208142053803;
 0.09808373566957755]
第1幅图像的旋转矩阵
[-0.9788868386507541, 0.0003493190661904948, 0.2044026298571585;
 0.01399869297448205, 0.997765205348655, 0.06533476555832968;
 -0.2039230092739384, 0.06681671176992857, -0.9767041175898233]
第1幅图像的平移向量
[-2.175210959760474;
 -48.29119003387673;
 1068.755909969496]
第2幅图像的旋转向量
[-3.037350081538694;
 0.1934975651273458;
 -0.3133650766740319]
第2幅图像的旋转矩阵
[0.9710695060693945, -0.1169664022844392, 0.2081895173124175;
 -0.1337436154651273, -0.9886543767021158, 0.0683752056674565;
 0.1978298756620415, -0.09424109594219265, -0.9756956267869379]
第2幅图像的平移向量
[-94.89823488229923;
 43.04098831744184;
 1054.880646912278]
第3幅图像的旋转向量
[-0.1127907594148516;
 2.922380846647252;
 0.0762043917523588]
第3幅图像的旋转矩阵
[-0.9738150422105046, -0.08171241935716286, 0.2121493438296531;
 -0.07054482077802759, 0.9957205649939472, 0.05969911816375321;
 -0.2161196238798068, 0.0431698618359262, -0.9754120520083387]
第3幅图像的平移向量
[15.12915533171481;
 -37.99642234637007;
 1073.722417834911]
第4幅图像的旋转向量
[-3.049246785286091;
 0.01595512040601254;
 -0.3245302663018457]
第4幅图像的旋转矩阵
[0.9775772945149556, -0.002394263696558744, 0.2105632939288601;
 -0.01827151630376325, -0.9971285161793829, 0.07349063827361627;
 0.2097827088698721, -0.07569008999369428, -0.9748139439585203]
第4幅图像的平移向量
[-104.7975610725649;
 43.73482712593368;
 1052.456971866614]
第5幅图像的旋转向量
[-0.003193013280241667;
 2.926146849139152;
 0.0858621559543173]
第5幅图像的旋转矩阵
[-0.9771476798108426, -0.00838981461513443, 0.2123959106268542;
 0.004078597062612585, 0.9982967560306802, 0.05819752524481914;
 -0.2125224150208345, 0.05773385410090158, -0.9754491402448249]
第5幅图像的平移向量
[14.77405095296491;
 -42.67656943405169;
 1073.668277170995]
第6幅图像的旋转向量
[-0.11303377687805;
 -3.374894778412729;
 -0.7713175023952796]
第6幅图像的旋转矩阵
[-0.9464768559917605, -0.008549737500046034, 0.3226584309461519;
 0.1324622828219299, 0.9013013354023056, 0.4124435069577695;
 -0.2943387584086667, 0.4331083060744748, -0.8519283364859651]
第6幅图像的平移向量
[4.669024512115579;
 -47.38690872762479;
 1012.777246058586]
第7幅图像的旋转向量
[0.03899872659603472;
 -2.998064449034191;
 -0.008329490560445484]
第7幅图像的旋转矩阵
[-0.9894187751351204, -0.02548146529409629, -0.142832707516814;
 -0.02627472697686241, 0.9996480225623261, 0.00367011028731835;
 0.1426889138384945, 0.007384166418459659, -0.9897400405934355]
第7幅图像的平移向量
[0.2812338698219352;
 -40.4541298825419;
 1038.003125464657]
